-4.188965e-03
-2.636231e-03
-2.292481e-03
-2.792969e-03
-2.615723e-03
-2.417481e-03
-2.615723e-03
-2.657227e-03
-2.730469e-03
-3.271973e-03
-2.521973e-03
-2.303223e-03
-2.949219e-03
-3.032227e-03
-3.011719e-03
-3.699219e-03
-3.782715e-03
-2.928223e-03
-3.188965e-03
-2.261230e-03
-3.970215e-03
-4.282715e-03
-3.386719e-03
-3.657715e-03
-2.532227e-03
-1.594238e-03
-2.032227e-03
-1.958984e-03
-1.917481e-03
-2.146485e-03
-2.042481e-03
-2.042481e-03
-3.709961e-03
-2.750977e-03
-2.792969e-03
-2.542481e-03
-2.824219e-03
-2.834473e-03
-2.865723e-03
-3.824219e-03
-4.209961e-03
-3.188965e-03
-2.730469e-03
-2.875977e-03
-3.345215e-03
-4.084961e-03
-3.647461e-03
-2.886719e-03
-1.719238e-03
-2.303223e-03
-2.292481e-03
-1.115234e-03
-1.771485e-03
-2.219727e-03
-2.667481e-03
-2.229981e-03
-2.407227e-03
-2.375977e-03
-2.438477e-03
-3.032227e-03
-2.625977e-03
-3.782715e-03
-2.604980e-03
-2.865723e-03
